/*--------------------------------*- C++ -*----------------------------------*\
| =========                 |                                                 |
| \\      /  F ield         | OpenFOAM: The Open Source CFD Toolbox           |
|  \\    /   O peration     | Version:  2412                                  |
|   \\  /    A nd           | Website:  www.openfoam.com                      |
|    \\/     M anipulation  |                                                 |
\*---------------------------------------------------------------------------*/
FoamFile
{
    version     2.0;
    format      ascii;
    arch        "LSB;label=32;scalar=64";
    class       vectorField;
    location    "constant/pcm/polyMesh";
    object      points;
}
// * * * * * * * * * * * * * * * * * * * * * * * * * * * * * * * * * * * * * //


204
(
(0 0 0)
(0.001 0 0)
(0.002 0 0)
(0.003 0 0)
(0.004 0 0)
(0.005 0 0)
(0.006 0 0)
(0.007 0 0)
(0.008 0 0)
(0.009 0 0)
(0.01 0 0)
(0.011 0 0)
(0.012 0 0)
(0.013 0 0)
(0.014 0 0)
(0.015 0 0)
(0.016 0 0)
(0.017 0 0)
(0.018 0 0)
(0.019 0 0)
(0.02 0 0)
(0.021 0 0)
(0.022 0 0)
(0.023 0 0)
(0.024 0 0)
(0.025 0 0)
(0.026 0 0)
(0.027 0 0)
(0.028 0 0)
(0.029 0 0)
(0.03 0 0)
(0.031 0 0)
(0.032 0 0)
(0.033 0 0)
(0.034 0 0)
(0.035 0 0)
(0.036 0 0)
(0.037 0 0)
(0.038 0 0)
(0.039 0 0)
(0.04 0 0)
(0.041 0 0)
(0.042 0 0)
(0.043 0 0)
(0.044 0 0)
(0.045 0 0)
(0.046 0 0)
(0.047 0 0)
(0.048 0 0)
(0.049 0 0)
(0.05 0 0)
(0 0.01 0)
(0.001 0.01 0)
(0.002 0.01 0)
(0.003 0.01 0)
(0.004 0.01 0)
(0.005 0.01 0)
(0.006 0.01 0)
(0.007 0.01 0)
(0.008 0.01 0)
(0.009 0.01 0)
(0.01 0.01 0)
(0.011 0.01 0)
(0.012 0.01 0)
(0.013 0.01 0)
(0.014 0.01 0)
(0.015 0.01 0)
(0.016 0.01 0)
(0.017 0.01 0)
(0.018 0.01 0)
(0.019 0.01 0)
(0.02 0.01 0)
(0.021 0.01 0)
(0.022 0.01 0)
(0.023 0.01 0)
(0.024 0.01 0)
(0.025 0.01 0)
(0.026 0.01 0)
(0.027 0.01 0)
(0.028 0.01 0)
(0.029 0.01 0)
(0.03 0.01 0)
(0.031 0.01 0)
(0.032 0.01 0)
(0.033 0.01 0)
(0.034 0.01 0)
(0.035 0.01 0)
(0.036 0.01 0)
(0.037 0.01 0)
(0.038 0.01 0)
(0.039 0.01 0)
(0.04 0.01 0)
(0.041 0.01 0)
(0.042 0.01 0)
(0.043 0.01 0)
(0.044 0.01 0)
(0.045 0.01 0)
(0.046 0.01 0)
(0.047 0.01 0)
(0.048 0.01 0)
(0.049 0.01 0)
(0.05 0.01 0)
(0 0 0.01)
(0.001 0 0.01)
(0.002 0 0.01)
(0.003 0 0.01)
(0.004 0 0.01)
(0.005 0 0.01)
(0.006 0 0.01)
(0.007 0 0.01)
(0.008 0 0.01)
(0.009 0 0.01)
(0.01 0 0.01)
(0.011 0 0.01)
(0.012 0 0.01)
(0.013 0 0.01)
(0.014 0 0.01)
(0.015 0 0.01)
(0.016 0 0.01)
(0.017 0 0.01)
(0.018 0 0.01)
(0.019 0 0.01)
(0.02 0 0.01)
(0.021 0 0.01)
(0.022 0 0.01)
(0.023 0 0.01)
(0.024 0 0.01)
(0.025 0 0.01)
(0.026 0 0.01)
(0.027 0 0.01)
(0.028 0 0.01)
(0.029 0 0.01)
(0.03 0 0.01)
(0.031 0 0.01)
(0.032 0 0.01)
(0.033 0 0.01)
(0.034 0 0.01)
(0.035 0 0.01)
(0.036 0 0.01)
(0.037 0 0.01)
(0.038 0 0.01)
(0.039 0 0.01)
(0.04 0 0.01)
(0.041 0 0.01)
(0.042 0 0.01)
(0.043 0 0.01)
(0.044 0 0.01)
(0.045 0 0.01)
(0.046 0 0.01)
(0.047 0 0.01)
(0.048 0 0.01)
(0.049 0 0.01)
(0.05 0 0.01)
(0 0.01 0.01)
(0.001 0.01 0.01)
(0.002 0.01 0.01)
(0.003 0.01 0.01)
(0.004 0.01 0.01)
(0.005 0.01 0.01)
(0.006 0.01 0.01)
(0.007 0.01 0.01)
(0.008 0.01 0.01)
(0.009 0.01 0.01)
(0.01 0.01 0.01)
(0.011 0.01 0.01)
(0.012 0.01 0.01)
(0.013 0.01 0.01)
(0.014 0.01 0.01)
(0.015 0.01 0.01)
(0.016 0.01 0.01)
(0.017 0.01 0.01)
(0.018 0.01 0.01)
(0.019 0.01 0.01)
(0.02 0.01 0.01)
(0.021 0.01 0.01)
(0.022 0.01 0.01)
(0.023 0.01 0.01)
(0.024 0.01 0.01)
(0.025 0.01 0.01)
(0.026 0.01 0.01)
(0.027 0.01 0.01)
(0.028 0.01 0.01)
(0.029 0.01 0.01)
(0.03 0.01 0.01)
(0.031 0.01 0.01)
(0.032 0.01 0.01)
(0.033 0.01 0.01)
(0.034 0.01 0.01)
(0.035 0.01 0.01)
(0.036 0.01 0.01)
(0.037 0.01 0.01)
(0.038 0.01 0.01)
(0.039 0.01 0.01)
(0.04 0.01 0.01)
(0.041 0.01 0.01)
(0.042 0.01 0.01)
(0.043 0.01 0.01)
(0.044 0.01 0.01)
(0.045 0.01 0.01)
(0.046 0.01 0.01)
(0.047 0.01 0.01)
(0.048 0.01 0.01)
(0.049 0.01 0.01)
(0.05 0.01 0.01)
)


// ************************************************************************* //
