/*--------------------------------*- C++ -*----------------------------------*\
| =========                 |                                                 |
| \\      /  F ield         | OpenFOAM: The Open Source CFD Toolbox           |
|  \\    /   O peration     | Version:  2412                                  |
|   \\  /    A nd           | Website:  www.openfoam.com                      |
|    \\/     M anipulation  |                                                 |
\*---------------------------------------------------------------------------*/
FoamFile
{
    version     2.0;
    format      ascii;
    arch        "LSB;label=32;scalar=64";
    class       vectorField;
    location    "constant/solid2/polyMesh";
    object      points;
}
// * * * * * * * * * * * * * * * * * * * * * * * * * * * * * * * * * * * * * //


204
(
(0.05 0 0)
(0.051 0 0)
(0.052 0 0)
(0.053 0 0)
(0.054 0 0)
(0.055 0 0)
(0.056 0 0)
(0.057 0 0)
(0.058 0 0)
(0.059 0 0)
(0.06 0 0)
(0.061 0 0)
(0.062 0 0)
(0.063 0 0)
(0.064 0 0)
(0.065 0 0)
(0.066 0 0)
(0.067 0 0)
(0.068 0 0)
(0.069 0 0)
(0.07 0 0)
(0.071 0 0)
(0.072 0 0)
(0.073 0 0)
(0.074 0 0)
(0.075 0 0)
(0.076 0 0)
(0.077 0 0)
(0.078 0 0)
(0.079 0 0)
(0.08 0 0)
(0.081 0 0)
(0.082 0 0)
(0.083 0 0)
(0.084 0 0)
(0.085 0 0)
(0.086 0 0)
(0.087 0 0)
(0.088 0 0)
(0.089 0 0)
(0.09 0 0)
(0.091 0 0)
(0.092 0 0)
(0.093 0 0)
(0.094 0 0)
(0.095 0 0)
(0.096 0 0)
(0.097 0 0)
(0.098 0 0)
(0.099 0 0)
(0.1 0 0)
(0.05 0.01 0)
(0.051 0.01 0)
(0.052 0.01 0)
(0.053 0.01 0)
(0.054 0.01 0)
(0.055 0.01 0)
(0.056 0.01 0)
(0.057 0.01 0)
(0.058 0.01 0)
(0.059 0.01 0)
(0.06 0.01 0)
(0.061 0.01 0)
(0.062 0.01 0)
(0.063 0.01 0)
(0.064 0.01 0)
(0.065 0.01 0)
(0.066 0.01 0)
(0.067 0.01 0)
(0.068 0.01 0)
(0.069 0.01 0)
(0.07 0.01 0)
(0.071 0.01 0)
(0.072 0.01 0)
(0.073 0.01 0)
(0.074 0.01 0)
(0.075 0.01 0)
(0.076 0.01 0)
(0.077 0.01 0)
(0.078 0.01 0)
(0.079 0.01 0)
(0.08 0.01 0)
(0.081 0.01 0)
(0.082 0.01 0)
(0.083 0.01 0)
(0.084 0.01 0)
(0.085 0.01 0)
(0.086 0.01 0)
(0.087 0.01 0)
(0.088 0.01 0)
(0.089 0.01 0)
(0.09 0.01 0)
(0.091 0.01 0)
(0.092 0.01 0)
(0.093 0.01 0)
(0.094 0.01 0)
(0.095 0.01 0)
(0.096 0.01 0)
(0.097 0.01 0)
(0.098 0.01 0)
(0.099 0.01 0)
(0.1 0.01 0)
(0.05 0 0.01)
(0.051 0 0.01)
(0.052 0 0.01)
(0.053 0 0.01)
(0.054 0 0.01)
(0.055 0 0.01)
(0.056 0 0.01)
(0.057 0 0.01)
(0.058 0 0.01)
(0.059 0 0.01)
(0.06 0 0.01)
(0.061 0 0.01)
(0.062 0 0.01)
(0.063 0 0.01)
(0.064 0 0.01)
(0.065 0 0.01)
(0.066 0 0.01)
(0.067 0 0.01)
(0.068 0 0.01)
(0.069 0 0.01)
(0.07 0 0.01)
(0.071 0 0.01)
(0.072 0 0.01)
(0.073 0 0.01)
(0.074 0 0.01)
(0.075 0 0.01)
(0.076 0 0.01)
(0.077 0 0.01)
(0.078 0 0.01)
(0.079 0 0.01)
(0.08 0 0.01)
(0.081 0 0.01)
(0.082 0 0.01)
(0.083 0 0.01)
(0.084 0 0.01)
(0.085 0 0.01)
(0.086 0 0.01)
(0.087 0 0.01)
(0.088 0 0.01)
(0.089 0 0.01)
(0.09 0 0.01)
(0.091 0 0.01)
(0.092 0 0.01)
(0.093 0 0.01)
(0.094 0 0.01)
(0.095 0 0.01)
(0.096 0 0.01)
(0.097 0 0.01)
(0.098 0 0.01)
(0.099 0 0.01)
(0.1 0 0.01)
(0.05 0.01 0.01)
(0.051 0.01 0.01)
(0.052 0.01 0.01)
(0.053 0.01 0.01)
(0.054 0.01 0.01)
(0.055 0.01 0.01)
(0.056 0.01 0.01)
(0.057 0.01 0.01)
(0.058 0.01 0.01)
(0.059 0.01 0.01)
(0.06 0.01 0.01)
(0.061 0.01 0.01)
(0.062 0.01 0.01)
(0.063 0.01 0.01)
(0.064 0.01 0.01)
(0.065 0.01 0.01)
(0.066 0.01 0.01)
(0.067 0.01 0.01)
(0.068 0.01 0.01)
(0.069 0.01 0.01)
(0.07 0.01 0.01)
(0.071 0.01 0.01)
(0.072 0.01 0.01)
(0.073 0.01 0.01)
(0.074 0.01 0.01)
(0.075 0.01 0.01)
(0.076 0.01 0.01)
(0.077 0.01 0.01)
(0.078 0.01 0.01)
(0.079 0.01 0.01)
(0.08 0.01 0.01)
(0.081 0.01 0.01)
(0.082 0.01 0.01)
(0.083 0.01 0.01)
(0.084 0.01 0.01)
(0.085 0.01 0.01)
(0.086 0.01 0.01)
(0.087 0.01 0.01)
(0.088 0.01 0.01)
(0.089 0.01 0.01)
(0.09 0.01 0.01)
(0.091 0.01 0.01)
(0.092 0.01 0.01)
(0.093 0.01 0.01)
(0.094 0.01 0.01)
(0.095 0.01 0.01)
(0.096 0.01 0.01)
(0.097 0.01 0.01)
(0.098 0.01 0.01)
(0.099 0.01 0.01)
(0.1 0.01 0.01)
)


// ************************************************************************* //
