/*--------------------------------*- C++ -*----------------------------------*\
| =========                 |                                                 |
| \\      /  F ield         | OpenFOAM: The Open Source CFD Toolbox           |
|  \\    /   O peration     | Version:  2412                                  |
|   \\  /    A nd           | Website:  www.openfoam.com                      |
|    \\/     M anipulation  |                                                 |
\*---------------------------------------------------------------------------*/
FoamFile
{
    version     2.0;
    format      ascii;
    arch        "LSB;label=32;scalar=64";
    class       faceList;
    location    "constant/polyMesh";
    object      faces;
}
// * * * * * * * * * * * * * * * * * * * * * * * * * * * * * * * * * * * * * //


502
(
4(1 52 154 103)
4(2 53 155 104)
4(3 54 156 105)
4(4 55 157 106)
4(5 56 158 107)
4(6 57 159 108)
4(7 58 160 109)
4(8 59 161 110)
4(9 60 162 111)
4(10 61 163 112)
4(11 62 164 113)
4(12 63 165 114)
4(13 64 166 115)
4(14 65 167 116)
4(15 66 168 117)
4(16 67 169 118)
4(17 68 170 119)
4(18 69 171 120)
4(19 70 172 121)
4(20 71 173 122)
4(21 72 174 123)
4(22 73 175 124)
4(23 74 176 125)
4(24 75 177 126)
4(25 76 178 127)
4(26 77 179 128)
4(27 78 180 129)
4(28 79 181 130)
4(29 80 182 131)
4(30 81 183 132)
4(31 82 184 133)
4(32 83 185 134)
4(33 84 186 135)
4(34 85 187 136)
4(35 86 188 137)
4(36 87 189 138)
4(37 88 190 139)
4(38 89 191 140)
4(39 90 192 141)
4(40 91 193 142)
4(41 92 194 143)
4(42 93 195 144)
4(43 94 196 145)
4(44 95 197 146)
4(45 96 198 147)
4(46 97 199 148)
4(47 98 200 149)
4(48 99 201 150)
4(49 100 202 151)
4(205 256 358 307)
4(206 257 359 308)
4(207 258 360 309)
4(208 259 361 310)
4(209 260 362 311)
4(210 261 363 312)
4(211 262 364 313)
4(212 263 365 314)
4(213 264 366 315)
4(214 265 367 316)
4(215 266 368 317)
4(216 267 369 318)
4(217 268 370 319)
4(218 269 371 320)
4(219 270 372 321)
4(220 271 373 322)
4(221 272 374 323)
4(222 273 375 324)
4(223 274 376 325)
4(224 275 377 326)
4(225 276 378 327)
4(226 277 379 328)
4(227 278 380 329)
4(228 279 381 330)
4(229 280 382 331)
4(230 281 383 332)
4(231 282 384 333)
4(232 283 385 334)
4(233 284 386 335)
4(234 285 387 336)
4(235 286 388 337)
4(236 287 389 338)
4(237 288 390 339)
4(238 289 391 340)
4(239 290 392 341)
4(240 291 393 342)
4(241 292 394 343)
4(242 293 395 344)
4(243 294 396 345)
4(244 295 397 346)
4(245 296 398 347)
4(246 297 399 348)
4(247 298 400 349)
4(248 299 401 350)
4(249 300 402 351)
4(250 301 403 352)
4(251 302 404 353)
4(252 303 405 354)
4(253 304 406 355)
4(0 102 153 51)
4(50 101 203 152)
4(204 306 357 255)
4(254 305 407 356)
4(0 1 103 102)
4(1 2 104 103)
4(2 3 105 104)
4(3 4 106 105)
4(4 5 107 106)
4(5 6 108 107)
4(6 7 109 108)
4(7 8 110 109)
4(8 9 111 110)
4(9 10 112 111)
4(10 11 113 112)
4(11 12 114 113)
4(12 13 115 114)
4(13 14 116 115)
4(14 15 117 116)
4(15 16 118 117)
4(16 17 119 118)
4(17 18 120 119)
4(18 19 121 120)
4(19 20 122 121)
4(20 21 123 122)
4(21 22 124 123)
4(22 23 125 124)
4(23 24 126 125)
4(24 25 127 126)
4(25 26 128 127)
4(26 27 129 128)
4(27 28 130 129)
4(28 29 131 130)
4(29 30 132 131)
4(30 31 133 132)
4(31 32 134 133)
4(32 33 135 134)
4(33 34 136 135)
4(34 35 137 136)
4(35 36 138 137)
4(36 37 139 138)
4(37 38 140 139)
4(38 39 141 140)
4(39 40 142 141)
4(40 41 143 142)
4(41 42 144 143)
4(42 43 145 144)
4(43 44 146 145)
4(44 45 147 146)
4(45 46 148 147)
4(46 47 149 148)
4(47 48 150 149)
4(48 49 151 150)
4(49 50 152 151)
4(51 153 154 52)
4(52 154 155 53)
4(53 155 156 54)
4(54 156 157 55)
4(55 157 158 56)
4(56 158 159 57)
4(57 159 160 58)
4(58 160 161 59)
4(59 161 162 60)
4(60 162 163 61)
4(61 163 164 62)
4(62 164 165 63)
4(63 165 166 64)
4(64 166 167 65)
4(65 167 168 66)
4(66 168 169 67)
4(67 169 170 68)
4(68 170 171 69)
4(69 171 172 70)
4(70 172 173 71)
4(71 173 174 72)
4(72 174 175 73)
4(73 175 176 74)
4(74 176 177 75)
4(75 177 178 76)
4(76 178 179 77)
4(77 179 180 78)
4(78 180 181 79)
4(79 181 182 80)
4(80 182 183 81)
4(81 183 184 82)
4(82 184 185 83)
4(83 185 186 84)
4(84 186 187 85)
4(85 187 188 86)
4(86 188 189 87)
4(87 189 190 88)
4(88 190 191 89)
4(89 191 192 90)
4(90 192 193 91)
4(91 193 194 92)
4(92 194 195 93)
4(93 195 196 94)
4(94 196 197 95)
4(95 197 198 96)
4(96 198 199 97)
4(97 199 200 98)
4(98 200 201 99)
4(99 201 202 100)
4(100 202 203 101)
4(0 51 52 1)
4(1 52 53 2)
4(2 53 54 3)
4(3 54 55 4)
4(4 55 56 5)
4(5 56 57 6)
4(6 57 58 7)
4(7 58 59 8)
4(8 59 60 9)
4(9 60 61 10)
4(10 61 62 11)
4(11 62 63 12)
4(12 63 64 13)
4(13 64 65 14)
4(14 65 66 15)
4(15 66 67 16)
4(16 67 68 17)
4(17 68 69 18)
4(18 69 70 19)
4(19 70 71 20)
4(20 71 72 21)
4(21 72 73 22)
4(22 73 74 23)
4(23 74 75 24)
4(24 75 76 25)
4(25 76 77 26)
4(26 77 78 27)
4(27 78 79 28)
4(28 79 80 29)
4(29 80 81 30)
4(30 81 82 31)
4(31 82 83 32)
4(32 83 84 33)
4(33 84 85 34)
4(34 85 86 35)
4(35 86 87 36)
4(36 87 88 37)
4(37 88 89 38)
4(38 89 90 39)
4(39 90 91 40)
4(40 91 92 41)
4(41 92 93 42)
4(42 93 94 43)
4(43 94 95 44)
4(44 95 96 45)
4(45 96 97 46)
4(46 97 98 47)
4(47 98 99 48)
4(48 99 100 49)
4(49 100 101 50)
4(102 103 154 153)
4(103 104 155 154)
4(104 105 156 155)
4(105 106 157 156)
4(106 107 158 157)
4(107 108 159 158)
4(108 109 160 159)
4(109 110 161 160)
4(110 111 162 161)
4(111 112 163 162)
4(112 113 164 163)
4(113 114 165 164)
4(114 115 166 165)
4(115 116 167 166)
4(116 117 168 167)
4(117 118 169 168)
4(118 119 170 169)
4(119 120 171 170)
4(120 121 172 171)
4(121 122 173 172)
4(122 123 174 173)
4(123 124 175 174)
4(124 125 176 175)
4(125 126 177 176)
4(126 127 178 177)
4(127 128 179 178)
4(128 129 180 179)
4(129 130 181 180)
4(130 131 182 181)
4(131 132 183 182)
4(132 133 184 183)
4(133 134 185 184)
4(134 135 186 185)
4(135 136 187 186)
4(136 137 188 187)
4(137 138 189 188)
4(138 139 190 189)
4(139 140 191 190)
4(140 141 192 191)
4(141 142 193 192)
4(142 143 194 193)
4(143 144 195 194)
4(144 145 196 195)
4(145 146 197 196)
4(146 147 198 197)
4(147 148 199 198)
4(148 149 200 199)
4(149 150 201 200)
4(150 151 202 201)
4(151 152 203 202)
4(204 205 307 306)
4(205 206 308 307)
4(206 207 309 308)
4(207 208 310 309)
4(208 209 311 310)
4(209 210 312 311)
4(210 211 313 312)
4(211 212 314 313)
4(212 213 315 314)
4(213 214 316 315)
4(214 215 317 316)
4(215 216 318 317)
4(216 217 319 318)
4(217 218 320 319)
4(218 219 321 320)
4(219 220 322 321)
4(220 221 323 322)
4(221 222 324 323)
4(222 223 325 324)
4(223 224 326 325)
4(224 225 327 326)
4(225 226 328 327)
4(226 227 329 328)
4(227 228 330 329)
4(228 229 331 330)
4(229 230 332 331)
4(230 231 333 332)
4(231 232 334 333)
4(232 233 335 334)
4(233 234 336 335)
4(234 235 337 336)
4(235 236 338 337)
4(236 237 339 338)
4(237 238 340 339)
4(238 239 341 340)
4(239 240 342 341)
4(240 241 343 342)
4(241 242 344 343)
4(242 243 345 344)
4(243 244 346 345)
4(244 245 347 346)
4(245 246 348 347)
4(246 247 349 348)
4(247 248 350 349)
4(248 249 351 350)
4(249 250 352 351)
4(250 251 353 352)
4(251 252 354 353)
4(252 253 355 354)
4(253 254 356 355)
4(255 357 358 256)
4(256 358 359 257)
4(257 359 360 258)
4(258 360 361 259)
4(259 361 362 260)
4(260 362 363 261)
4(261 363 364 262)
4(262 364 365 263)
4(263 365 366 264)
4(264 366 367 265)
4(265 367 368 266)
4(266 368 369 267)
4(267 369 370 268)
4(268 370 371 269)
4(269 371 372 270)
4(270 372 373 271)
4(271 373 374 272)
4(272 374 375 273)
4(273 375 376 274)
4(274 376 377 275)
4(275 377 378 276)
4(276 378 379 277)
4(277 379 380 278)
4(278 380 381 279)
4(279 381 382 280)
4(280 382 383 281)
4(281 383 384 282)
4(282 384 385 283)
4(283 385 386 284)
4(284 386 387 285)
4(285 387 388 286)
4(286 388 389 287)
4(287 389 390 288)
4(288 390 391 289)
4(289 391 392 290)
4(290 392 393 291)
4(291 393 394 292)
4(292 394 395 293)
4(293 395 396 294)
4(294 396 397 295)
4(295 397 398 296)
4(296 398 399 297)
4(297 399 400 298)
4(298 400 401 299)
4(299 401 402 300)
4(300 402 403 301)
4(301 403 404 302)
4(302 404 405 303)
4(303 405 406 304)
4(304 406 407 305)
4(204 255 256 205)
4(205 256 257 206)
4(206 257 258 207)
4(207 258 259 208)
4(208 259 260 209)
4(209 260 261 210)
4(210 261 262 211)
4(211 262 263 212)
4(212 263 264 213)
4(213 264 265 214)
4(214 265 266 215)
4(215 266 267 216)
4(216 267 268 217)
4(217 268 269 218)
4(218 269 270 219)
4(219 270 271 220)
4(220 271 272 221)
4(221 272 273 222)
4(222 273 274 223)
4(223 274 275 224)
4(224 275 276 225)
4(225 276 277 226)
4(226 277 278 227)
4(227 278 279 228)
4(228 279 280 229)
4(229 280 281 230)
4(230 281 282 231)
4(231 282 283 232)
4(232 283 284 233)
4(233 284 285 234)
4(234 285 286 235)
4(235 286 287 236)
4(236 287 288 237)
4(237 288 289 238)
4(238 289 290 239)
4(239 290 291 240)
4(240 291 292 241)
4(241 292 293 242)
4(242 293 294 243)
4(243 294 295 244)
4(244 295 296 245)
4(245 296 297 246)
4(246 297 298 247)
4(247 298 299 248)
4(248 299 300 249)
4(249 300 301 250)
4(250 301 302 251)
4(251 302 303 252)
4(252 303 304 253)
4(253 304 305 254)
4(306 307 358 357)
4(307 308 359 358)
4(308 309 360 359)
4(309 310 361 360)
4(310 311 362 361)
4(311 312 363 362)
4(312 313 364 363)
4(313 314 365 364)
4(314 315 366 365)
4(315 316 367 366)
4(316 317 368 367)
4(317 318 369 368)
4(318 319 370 369)
4(319 320 371 370)
4(320 321 372 371)
4(321 322 373 372)
4(322 323 374 373)
4(323 324 375 374)
4(324 325 376 375)
4(325 326 377 376)
4(326 327 378 377)
4(327 328 379 378)
4(328 329 380 379)
4(329 330 381 380)
4(330 331 382 381)
4(331 332 383 382)
4(332 333 384 383)
4(333 334 385 384)
4(334 335 386 385)
4(335 336 387 386)
4(336 337 388 387)
4(337 338 389 388)
4(338 339 390 389)
4(339 340 391 390)
4(340 341 392 391)
4(341 342 393 392)
4(342 343 394 393)
4(343 344 395 394)
4(344 345 396 395)
4(345 346 397 396)
4(346 347 398 397)
4(347 348 399 398)
4(348 349 400 399)
4(349 350 401 400)
4(350 351 402 401)
4(351 352 403 402)
4(352 353 404 403)
4(353 354 405 404)
4(354 355 406 405)
4(355 356 407 406)
)


// ************************************************************************* //
